1 0 18 0
2 0 26 0
3 0 37 0
4 0 9 0
5 0 13 0
6 0 13 0
7 0 51 0
8 0 9 0
9 0 29 0
10 0 21 0
11 0 64 0
12 0 18 0
13 0 35 0
14 0 48 0
15 0 46 0
16 0 20 0
17 0 53 0
18 0 18 0
19 0 60 0
20 0 10 0
21 0 22 0
22 0 27 0
23 0 19 0
24 0 17 0
25 0 27 0
26 0 23 0
27 0 35 0
28 0 34 0
29 0 41 0
31 1 44 0
32 10 38 4
33 10 63 4
34 10 64 8
35 10 64 8
36 11 45 20
37 11 64 20
38 14 64 5
39 14 43 5
40 14 64 6
41 14 64 6
42 18 51 24
43 18 64 24
44 19 26 1
45 19 64 1
46 19 64 18
47 19 30 18
48 19 64 12
49 19 64 12
50 20 64 23
51 20 64 23
52 21 64 16
53 21 34 16
54 22 64 10
55 22 64 10
56 23 52 21
57 23 23 21
58 24 64 26
59 24 53 26
60 27 35 2
61 27 34 2
62 28 64 25
63 28 64 25
64 28 31 22
65 28 28 22
66 30 64 9
67 30 46 9
68 35 64 28
69 35 57 28
70 36 52 13
71 36 64 13
72 36 64 27
73 36 52 27
74 38 38 3
75 38 54 3
76 42 52 29
77 42 64 29
78 45 47 31
79 45 49 31
80 47 55 15
81 47 64 15
82 47 47 67
83 47 47 67
84 48 64 78
85 48 64 78
86 49 64 14
87 49 64 14
89 50 50 0
90 52 64 7
91 52 64 7
92 52 64 70
93 52 64 70
94 52 64 42
95 52 52 42
96 52 52 42
97 52 64 42
98 53 64 56
99 53 58 56
100 54 64 17
101 54 57 17
102 55 64 75
103 55 64 75
105 55 57 0
106 58 58 101
107 58 64 101
108 59 64 99
109 59 64 99
110 64 64 33
111 64 64 33
