1 150 250 0
2 150 170 0
3 171 250 2
5 171 250 2
6 150 156 0
8 157 250 6
9 157 250 6
10 150 157 0
12 158 250 10
13 158 231 10
14 150 221 0
16 222 250 14
17 222 250 14
18 150 189 0
20 190 250 18
21 190 250 18
22 150 168 0
25 169 250 22
26 169 250 22
27 150 168 0
28 169 227 27
30 169 248 27
32 249 250 30
33 249 250 30
34 150 155 0
36 156 221 34
37 156 214 34
39 222 250 36
40 222 250 36
41 150 250 0
42 150 161 0
43 162 232 42
45 162 231 42
47 233 250 43
48 233 250 43
49 232 250 45
51 232 250 45
53 215 250 37
54 215 250 37
55 150 239 0
56 240 250 55
58 240 250 55
59 150 250 0
60 150 218 0
61 219 250 60
63 219 250 60
64 150 156 0
65 157 250 64
67 157 250 64
69 150 250 0
70 150 194 0
71 195 250 0
72 150 250 0
73 196 247 0
74 202 250 0
75 150 202 0
77 203 250 75
78 203 250 75
79 150 192 0
80 193 250 79
82 193 250 79
83 150 165 0
84 166 195 0
85 150 215 0
86 216 250 85
88 216 250 85
89 150 212 0
91 213 250 89
92 213 250 89
93 150 250 0
94 150 180 0
96 181 249 94
97 181 250 94
99 250 250 96
100 250 250 96
101 150 188 0
103 189 250 101
104 189 250 101
105 150 187 0
107 188 250 105
108 188 250 105
109 150 204 0
111 205 250 109
112 205 250 109
113 150 199 0
115 200 250 113
116 200 250 113
117 150 250 0
118 150 198 0
120 199 250 118
121 199 250 118
122 162 215 0
124 216 250 122
125 216 250 122
126 189 250 0
127 150 197 0
129 198 250 127
130 198 250 127
131 150 199 0
133 200 250 131
134 200 250 131
135 150 182 0
136 183 250 135
138 183 250 135
139 205 250 0
140 196 250 0
141 150 250 0
142 150 250 0
143 150 151 0
145 152 250 143
146 152 250 143
147 150 180 0
149 181 248 147
150 181 248 147
152 249 250 150
153 249 250 150
155 249 250 149
156 249 250 149
157 150 164 0
159 165 250 157
160 165 250 157
161 150 191 0
162 192 250 161
164 192 250 161
165 150 172 0
167 173 241 165
168 173 242 165
170 242 250 167
171 242 250 167
173 243 250 168
174 243 250 168
175 150 172 0
178 233 250 181
179 233 250 181
180 173 233 175
181 173 232 175
183 234 250 180
184 234 250 180
185 150 166 0
187 167 226 185
188 167 225 185
190 227 250 187
191 227 243 187
192 150 170 0
194 171 225 192
195 171 225 192
197 226 250 194
198 226 250 194
200 226 250 188
201 226 250 188
202 150 160 0
203 150 175 0
208 247 250 210
210 176 246 203
212 176 250 203
213 247 250 210
214 150 182 0
215 187 250 0
216 198 236 0
217 210 248 0
219 249 250 217
220 249 250 217
221 150 161 0
222 166 250 0
223 150 166 0
225 167 249 223
226 167 250 223
228 250 250 225
229 250 250 225
230 150 185 0
232 186 250 230
233 186 250 230
234 150 189 0
236 190 250 234
237 190 250 234
238 192 250 0
239 202 250 0
240 203 250 0
241 205 250 0
242 217 250 0
243 235 250 0
244 150 250 0
245 172 246 0
246 213 250 0
247 215 250 0
248 150 153 0
249 166 205 0
250 236 242 0
251 150 173 0
253 174 250 251
254 174 250 251
255 150 173 0
256 174 250 255
258 174 250 255
259 150 154 0
260 231 239 0
261 246 250 0
262 150 212 0
263 150 207 0
265 208 250 263
266 208 250 263
268 213 250 262
269 213 250 262
270 150 225 0
272 226 250 270
273 226 250 270
274 150 236 0
275 237 250 274
277 237 250 274
278 150 172 0
279 173 250 278
281 173 250 278
282 150 165 0
285 235 250 291
286 235 250 291
287 166 247 282
290 248 250 287
291 166 234 282
292 248 250 287
293 150 192 0
294 150 186 0
296 193 250 293
297 193 250 293
298 187 250 294
300 187 250 294
301 150 179 0
303 180 250 301
304 180 250 301
305 150 171 0
307 172 249 305
309 172 250 305
310 250 250 307
311 250 250 307
312 150 180 0
314 181 250 312
315 181 250 312
316 150 182 0
318 183 250 316
319 183 250 316
320 150 250 0
321 150 250 0
322 150 211 0
324 212 250 322
325 212 250 322
326 150 202 0
328 203 250 326
329 203 250 326
330 150 153 0
332 154 212 330
333 154 212 330
335 213 250 333
336 213 250 333
338 213 250 332
339 213 250 332
340 150 184 0
342 185 250 340
343 185 246 340
345 247 250 343
346 247 250 343
347 150 205 0
349 206 250 347
350 206 250 347
351 150 200 0
352 201 250 351
354 201 250 351
355 150 212 0
357 213 250 355
358 213 250 355
359 150 209 0
361 210 250 359
362 210 250 359
363 150 174 0
365 175 250 363
366 175 250 363
367 150 194 0
368 195 250 367
370 195 250 367
371 150 152 0
372 153 250 371
374 153 166 371
375 150 193 0
377 194 250 375
378 194 250 375
379 150 191 0
381 192 250 379
382 192 250 379
383 150 166 0
385 167 233 383
386 167 222 383
388 223 250 386
389 223 250 386
390 234 250 385
392 234 250 385
393 150 171 0
394 172 250 393
396 172 248 393
398 249 250 396
399 249 250 396
400 150 168 0
401 150 171 0
403 172 250 401
404 172 250 401
406 169 223 400
407 169 230 400
409 224 250 406
410 224 250 406
412 231 250 407
413 231 250 407
414 150 203 0
416 204 250 414
417 204 250 414
418 150 198 0
420 199 250 418
421 199 250 418
422 150 230 0
424 150 220 0
426 221 250 424
427 221 250 424
428 231 250 422
429 231 250 422
430 150 214 0
432 215 250 430
433 215 250 430
434 150 250 0
435 150 181 0
437 182 250 435
438 182 250 435
439 150 187 0
441 188 250 439
442 188 250 439
443 150 235 0
445 236 250 443
446 236 250 443
449 150 226 0
451 227 250 449
452 227 250 449
453 150 218 0
455 219 250 453
456 219 250 453
457 150 197 0
459 198 250 457
460 198 250 457
461 150 204 0
462 150 202 0
464 203 250 462
465 203 250 462
466 150 195 0
467 196 250 466
469 196 250 466
471 205 250 461
472 205 250 461
473 150 250 0
474 150 186 0
475 187 250 474
477 187 250 474
478 150 185 0
479 186 250 478
481 186 250 478
482 150 199 0
484 200 250 482
485 200 250 482
486 150 211 0
487 212 250 486
489 212 250 486
490 150 214 0
492 215 250 490
493 215 250 490
494 150 162 0
496 163 229 494
497 163 231 494
499 230 250 496
500 230 250 496
502 232 250 497
503 232 250 497
504 150 213 0
506 214 250 504
507 214 250 504
508 150 231 0
510 232 250 508
511 232 250 508
512 150 204 0
514 205 250 512
515 205 250 512
516 150 203 0
517 204 250 516
519 204 250 516
520 150 166 0
522 167 237 520
523 167 234 520
525 238 250 522
526 238 250 522
528 235 250 523
529 235 250 523
531 178 225 0
533 226 250 531
534 226 250 531
535 150 169 0
537 170 245 535
539 170 250 535
540 246 250 537
541 246 250 537
542 150 194 0
544 195 250 542
545 195 250 542
546 150 174 0
553 150 180 0
555 181 250 553
556 181 250 553
557 193 202 0
558 220 250 0
559 150 202 0
561 203 250 559
562 203 250 559
563 150 162 0
564 163 221 0
565 163 237 0
566 222 250 564
568 222 250 564
570 238 250 565
571 238 250 565
572 150 154 0
574 155 250 572
575 155 250 572
576 150 186 0
578 187 244 576
579 187 250 576
581 245 250 578
582 245 250 578
583 150 184 0
585 185 241 583
586 185 244 583
588 245 250 586
589 245 250 586
591 242 250 585
592 242 250 585
593 150 232 0
595 233 250 593
596 233 250 593
597 150 222 0
599 223 250 597
600 223 250 597
601 150 206 0
603 207 250 601
604 207 250 601
605 150 222 0
607 223 250 605
608 223 250 605
609 150 198 0
611 199 250 609
612 199 250 609
613 150 230 0
614 231 250 613
616 231 250 613
617 150 191 0
619 192 250 617
620 192 250 617
621 150 185 0
623 186 250 621
624 186 250 621
625 150 193 0
627 194 250 625
628 194 250 625
629 150 235 0
630 236 250 629
632 236 250 629
633 150 250 0
634 150 250 0
635 150 250 0
636 150 235 0
638 236 250 636
639 236 250 636
640 150 250 0
641 178 219 0
643 220 250 641
644 220 235 641
645 190 199 0
647 200 250 645
648 200 250 645
649 150 169 0
651 170 231 649
653 232 250 651
654 232 250 651
655 170 237 649
657 238 250 655
658 238 250 655
659 150 171 0
660 172 242 659
661 243 250 660
663 243 250 660
665 172 232 659
667 233 248 665
668 233 250 665
669 224 250 0
670 150 222 0
671 150 225 0
672 150 208 0
673 150 222 0
675 209 250 672
676 209 250 672
678 223 250 670
679 223 250 670
681 223 250 673
682 223 250 673
683 226 250 671
685 226 250 671
687 232 250 13
688 232 250 13
689 184 197 0
690 198 200 689
692 198 250 689
694 150 188 0
695 150 209 0
700 175 241 546
701 175 250 546
703 242 250 700
704 242 250 700
