1 0 18 1
2 0 26 2
3 0 37 3
4 0 9 4
5 0 13 5
6 0 13 6
7 0 51 7
8 0 9 8
9 0 29 9
10 0 21 10
11 0 64 11
12 0 18 12
13 0 35 13
14 0 48 14
15 0 46 15
16 0 20 16
17 0 53 17
18 0 18 18
19 0 60 19
20 0 10 20
21 0 22 21
22 0 27 22
23 0 19 23
24 0 17 24
25 0 27 25
26 0 23 26
27 0 35 27
28 0 34 28
29 0 41 29
101 19 26 1
102 27 35 2
103 38 38 3
104 10 38 4
105 14 43 5
106 14 64 6
107 52 64 7
108 10 64 8
109 30 64 9
110 22 64 10
112 19 64 12
113 36 64 13
114 49 64 14
115 47 55 15
116 21 34 16
117 54 64 17
118 19 64 18
120 11 45 20
121 23 52 21
122 28 31 22
123 20 64 23
124 18 51 24
125 28 64 25
126 24 64 26
127 36 64 27
128 35 64 28
129 42 64 29
200 1 57 0
201 19 64 1
202 27 34 2
203 38 54 3
204 10 63 4
205 14 64 5
206 14 64 6
207 52 64 7
208 10 64 8
209 30 46 9
210 22 64 10
212 19 64 12
213 36 64 13
214 49 64 14
215 47 64 15
216 21 64 16
217 54 57 17
218 19 30 18
220 11 64 20
221 23 23 21
222 28 28 22
223 20 64 23
224 18 64 24
225 28 64 25
226 24 53 26
227 36 52 27
228 35 57 28
229 42 52 29
1113 52 64 113
1121 53 58 121
1124 52 64 124
1200 45 47 200
1203 55 64 203
1204 64 64 204
1209 47 47 209
1217 58 58 217
2113 52 52 113
2121 53 64 121
2124 52 64 124
2200 45 49 200
2203 55 64 203
2204 64 64 204
2209 47 47 209
2217 58 64 217
11121 59 64 1121
11200 48 64 1200
21121 59 64 1121
21200 48 64 1200
