101 0 44 0
102 0 18 0
103 0 26 0
104 0 37 0
105 0 9 0
106 0 13 0
107 0 13 0
108 0 51 0
109 0 9 0
110 0 29 0
111 0 21 0
112 0 64 0
113 0 18 0
114 0 35 0
115 0 48 0
116 0 46 0
117 0 20 0
118 0 53 0
119 0 18 0
120 0 60 0
121 0 10 0
122 0 22 0
123 0 27 0
124 0 19 0
125 0 17 0
126 0 27 0
127 0 23 0
128 0 35 0
129 0 34 0
130 0 41 0
131 10 38 105
132 10 63 105
133 10 64 109
134 10 64 109
135 11 45 121
136 11 64 121
137 14 64 107
138 14 64 107
139 14 64 106
140 14 43 106
141 18 64 125
142 18 51 125
143 19 26 102
144 19 64 102
145 19 64 113
146 19 64 113
147 19 64 119
148 19 30 119
149 20 64 124
150 20 64 124
151 21 64 117
152 21 34 117
153 22 64 111
154 22 64 111
155 23 52 122
156 23 23 122
157 24 64 127
158 24 53 127
159 27 34 103
160 27 35 103
161 28 64 126
162 28 64 126
163 28 31 123
164 28 28 123
165 30 64 110
166 30 46 110
167 35 64 129
168 35 57 129
169 36 52 114
170 36 64 114
171 36 64 128
172 36 52 128
173 38 38 104
174 38 54 104
175 42 52 130
176 42 64 130
177 45 47 101
178 45 49 101
179 47 55 116
180 47 64 116
181 47 47 166
182 47 47 166
183 48 64 177
184 48 64 177
185 49 64 115
186 49 64 115
188 50 50 0
189 52 64 108
190 52 64 108
191 52 64 169
192 52 64 169
193 52 64 142
194 52 52 142
195 52 52 142
196 52 64 142
197 53 64 155
198 53 58 155
199 54 64 118
200 54 57 118
201 55 64 174
202 55 64 174
204 55 57 0
205 58 58 200
206 58 64 200
207 59 64 198
208 59 64 198
209 64 64 132
210 64 64 132
